 \addplot[
            mark=+,
            color=red] coordinates {
                (9, 3.186158)
            	(16, 5.987428)
            	(25, 8.304203)
            	(36, 10.420171)
            	(49, 12.213909)
            	(64, 13.637598)
            	(100, 16.047212)
            	(144, 18.873235)             	 
            	(196, 20.515413) 
            	(225, 21.414372)
            	(400, 24.244844) 
            	(441, 24.780033) 
            	(576, 26.379761) 
            	(784, 27.517695) 
            	(900, 28.265589) 
            	(1225, 30.447891)
            	(1600, 32.383344)		
            };


    
        \addplot[
            mark=+,
            color=red] coordinates {
                (9, 4.562236)
                (16, 6.799783)
                (25, 12.272318)
                (36, 13.599193)
                (49, 13.662346)
                (64, 17.617201)
                (100, 16.404489)
                (144, 19.981687)                 
                (196, 26.740117) 
                (225, 22.875268)
                (400, 27.343023) 
                (441, 29.659641) 
                (576, 27.462272) 
                (784, 32.388184) 
                (900, 30.020221) 
                (1225, 33.37332)
                (1600, 35.725706)       
            };