1,419.00237529691213
11,299.0328314058406
21,541.2701857500966
31,691.6449000538815
41,791.2415065704172
51,848.7650372501814
61,878.6028391621784
71,894.2904977550178
81,900.087305744718
91,884.3514295850032
101,870.2104557547045
111,851.9081466767751
121,834.5683582227671
131,810.0611950924657
141,786.9248807249646
151,763.7108351460092
161,741.5297830232626
171,718.9885083709414
181,697.6794317445657
191,676.5098279536181
201,656.5795419231325
211,637.0286398728557
221,618.6407821229809
231,601.0094170921515
241,583.8845840200879
251,567.7606180885425
261,552.3404617648262
271,537.5978009277891
281,523.3527007219811
291,509.8939772915042
301,497.0227089765948
311,484.70965614903827
321,472.92625055045005
331,461.6448643463976
341,450.83898074553605
351,440.483293345379
361,430.64148164950836
371,420.96497276319633
381,411.82584435370774
391,403.04773122157087
401,394.61158157383255
411,386.49946427187774
421,378.6945150774403
431,371.1808806499516
441,364.0247329960652
451,357.0018293218325
461,350.27396895782846
471,343.7832046188702
481,337.51789060413665
491,331.46707717862995
501,325.62046518560845
511,319.96836336381386
521,314.5016483259454
531,309.21172711862556
541,304.09050226008856
551,299.1471903762351
561,294.3398962084843
571,289.6797369773535
581,285.1602862502061
591,280.77547172766043
601,276.519552429357
611,272.39896564405285
621,268.38419944890717
631,264.48293160492886
641,260.6905453297325
651,257.002663377283
661,253.42420862226012
671,249.9326371123732
681,246.533761141094
691,243.2240216573675
701,240.00745566515084
711,236.86565345504985
721,233.80334308562246
731,230.81760619972337
741,227.91179566804595
751,225.0707205661417
761,222.29827686066514
771,219.59205221389303
781,216.95486219279204
791,214.37405303577782
801,211.8528716772
811,209.3938024633059
821,206.98575187699166
831,204.63156952141128
841,202.33854803749597
851,200.08164907219995
861,197.87865523955347
871,195.72292900182072
881,193.61636197996683
891,191.55065074922504
901,189.5279396913115
911,187.54992331698628
921,185.60921950712267
931,183.7077403281711
941,181.84700948626337
951,180.02043992461617
961,178.23544692394455
971,176.4762949179851
981,174.7541965415076
991,173.06723060517115