3,0.713399
4,0.888889
5,0.941859
6,0.951045
7,0.942376
8,0.926081
9,0.906667
10,0.886260
11,0.865902
12,0.846101
13,0.827098
14,0.808991
15,0.791801
16,0.775510
17,0.760080
18,0.745463
19,0.731607
20,0.718460
21,0.705972
22,0.694098
23,0.682792
24,0.672014
25,0.661728
26,0.651899
27,0.642496
28,0.633490
29,0.624855
30,0.616566
31,0.608602
32,0.600943
33,0.593570
34,0.586466
35,0.579615
36,0.573003
37,0.566616
38,0.560442
39,0.554469
40,0.548687
41,0.543086
42,0.537656
43,0.532390
44,0.527279
45,0.522315
46,0.517492
47,0.512803
48,0.508242
49,0.503804
50,0.499482
51,0.495273
52,0.491170
53,0.487170
54,0.483269
55,0.479462
56,0.475745
57,0.472116
58,0.468571
59,0.465106
60,0.461718
61,0.458405
62,0.455165
63,0.451993
64,0.448889
65,0.445849
66,0.442872
67,0.439954
68,0.437095
69,0.434293
70,0.431545
71,0.428849
72,0.426205
73,0.423610
74,0.421063
75,0.418562
76,0.416107
77,0.413695
78,0.411326
79,0.408997
80,0.406709
81,0.404460
82,0.402248
83,0.400073
84,0.397934
85,0.395830
86,0.393759
87,0.391721
88,0.389715
89,0.387741
90,0.385797
91,0.383882
92,0.381996
93,0.380139
94,0.378308
95,0.376505
96,0.374728
97,0.372976
98,0.371249
99,0.369546
100,0.367867
101,0.366211
102,0.364578
103,0.362967
104,0.361378
105,0.359809
106,0.358262
107,0.356734
108,0.355227
109,0.353738
110,0.352269
111,0.350818
112,0.349386
113,0.347971
114,0.346574
115,0.345193
116,0.343829
117,0.342482
118,0.341151
119,0.339835
120,0.338535
121,0.337250
122,0.335980
123,0.334724
124,0.333483
125,0.332255
126,0.331042
127,0.329841
128,0.328654
129,0.327480
130,0.326319
131,0.325170
132,0.324034
133,0.322909
134,0.321797
135,0.320696
136,0.319606
137,0.318528
138,0.317461
139,0.316404
140,0.315359
141,0.314323
142,0.313299
143,0.312284
144,0.311279
145,0.310284
146,0.309299
147,0.308323
148,0.307357
149,0.306400
150,0.305452
151,0.304512
152,0.303582
153,0.302660
154,0.301747
155,0.300842
156,0.299945
157,0.299057
158,0.298176
159,0.297303
160,0.296438
161,0.295581
162,0.294731
163,0.293889
164,0.293054
165,0.292226
166,0.291405
167,0.290591
168,0.289785
169,0.288985
170,0.288191
171,0.287405
172,0.286624
173,0.285851
174,0.285083
175,0.284322
176,0.283567
177,0.282818
178,0.282075
179,0.281338
180,0.280607
181,0.279882
182,0.279162
183,0.278448
184,0.277740
185,0.277037
186,0.276339
187,0.275647
188,0.274960
189,0.274278
190,0.273601
191,0.272930
192,0.272263
193,0.271601
194,0.270944
195,0.270293
196,0.269645
197,0.269003
198,0.268365
199,0.267732
200,0.267103
201,0.266479
202,0.265859
203,0.265243
204,0.264632
205,0.264026
206,0.263423
207,0.262824
208,0.262230
209,0.261640
210,0.261054
211,0.260472
212,0.259893
213,0.259319
214,0.258748
215,0.258182
216,0.257619
217,0.257059
218,0.256504
219,0.255952
220,0.255404
221,0.254859
222,0.254318
223,0.253780
224,0.253246
225,0.252715
226,0.252188
227,0.251663
228,0.251143
229,0.250625
230,0.250111
231,0.249600
232,0.249092
233,0.248587
234,0.248085
235,0.247587
236,0.247091
237,0.246598
238,0.246109
239,0.245622
240,0.245138
241,0.244658
242,0.244180
243,0.243704
244,0.243232
245,0.242763
246,0.242296
247,0.241832
248,0.241370
249,0.240912
250,0.240455
251,0.240002
252,0.239551
253,0.239103
254,0.238657
255,0.238214
256,0.237773
257,0.237335
258,0.236899
259,0.236466
260,0.236035
261,0.235606
262,0.235180
263,0.234756
264,0.234334
265,0.233915
266,0.233498
267,0.233083
268,0.232671
269,0.232261
270,0.231853
271,0.231447
272,0.231043
273,0.230641
274,0.230242
275,0.229844
276,0.229449
277,0.229056
278,0.228664
279,0.228275
280,0.227888
281,0.227503
282,0.227120
283,0.226738
284,0.226359
285,0.225982
286,0.225606
287,0.225232
288,0.224861
289,0.224491
290,0.224123
291,0.223757
292,0.223392
293,0.223030
294,0.222669
295,0.222310
296,0.221953
297,0.221597
298,0.221243
299,0.220891
300,0.220541
301,0.220192
302,0.219845
303,0.219500
304,0.219156
305,0.218814
306,0.218473
307,0.218135
308,0.217797
309,0.217462
310,0.217127
311,0.216795
312,0.216464
313,0.216134
314,0.215806
315,0.215480
316,0.215155
317,0.214831
318,0.214509
319,0.214189
320,0.213870
321,0.213552
322,0.213236
323,0.212921
324,0.212608
325,0.212296
326,0.211985
327,0.211676
328,0.211368
329,0.211062
330,0.210756
331,0.210453
332,0.210150
333,0.209849
334,0.209549
335,0.209250
336,0.208953
337,0.208657
338,0.208362
339,0.208069
340,0.207777
341,0.207486
342,0.207196
343,0.206908
344,0.206620
345,0.206334
346,0.206049
347,0.205766
348,0.205483
349,0.205202
350,0.204922
351,0.204643
352,0.204365
353,0.204088
354,0.203812
355,0.203538
356,0.203265
357,0.202992
358,0.202721
359,0.202451
360,0.202182
361,0.201915
362,0.201648
363,0.201382
364,0.201117
365,0.200854
366,0.200591
367,0.200330
368,0.200069
369,0.199810
370,0.199552
371,0.199294
372,0.199038
373,0.198782
374,0.198528
375,0.198275
376,0.198022
377,0.197771
378,0.197520
379,0.197271
380,0.197022
381,0.196774
382,0.196528
383,0.196282
384,0.196037
385,0.195793
386,0.195550
387,0.195308
388,0.195067
389,0.194827
390,0.194587
391,0.194349
392,0.194111
393,0.193875
394,0.193639
395,0.193404
396,0.193170
397,0.192937
398,0.192704
399,0.192473
400,0.192242
401,0.192012
402,0.191783
403,0.191555
404,0.191328
405,0.191101
406,0.190875
407,0.190650
408,0.190426
409,0.190203
410,0.189980
411,0.189759
412,0.189538
413,0.189317
414,0.189098
415,0.188879
416,0.188661
417,0.188444
418,0.188228
419,0.188012
420,0.187798
421,0.187583
422,0.187370
423,0.187157
424,0.186945
425,0.186734
426,0.186524
427,0.186314
428,0.186105
429,0.185897
430,0.185689
431,0.185482
432,0.185276
433,0.185070
434,0.184866
435,0.184662
436,0.184458
437,0.184255
438,0.184053
439,0.183852
440,0.183651
441,0.183451
442,0.183251
443,0.183053
444,0.182855
445,0.182657
446,0.182460
447,0.182264
448,0.182068
449,0.181874
450,0.181679
451,0.181486
452,0.181293
453,0.181100
454,0.180908
455,0.180717
456,0.180527
457,0.180337
458,0.180147
459,0.179959
460,0.179770
461,0.179583
462,0.179396
463,0.179210
464,0.179024
465,0.178839
466,0.178654
467,0.178470
468,0.178286
469,0.178103
470,0.177921
471,0.177739
472,0.177558
473,0.177378
474,0.177197
475,0.177018
476,0.176839
477,0.176660
478,0.176483
479,0.176305
480,0.176128
481,0.175952
482,0.175776
483,0.175601
484,0.175427
485,0.175252
486,0.175079
487,0.174906
488,0.174733
489,0.174561
490,0.174389
491,0.174218
492,0.174048
493,0.173878
494,0.173708
495,0.173539
496,0.173371
497,0.173203
498,0.173035
499,0.172868
500,0.172701
501,0.172535
502,0.172370
503,0.172205
504,0.172040
505,0.171876
506,0.171712
507,0.171549
508,0.171386
509,0.171224
510,0.171062
511,0.170901
512,0.170740
513,0.170579
514,0.170419
515,0.170260
516,0.170101
517,0.169942
518,0.169784
519,0.169626
520,0.169469
521,0.169312
522,0.169156
523,0.169000
524,0.168844
525,0.168689
526,0.168534
527,0.168380
528,0.168226
529,0.168073
530,0.167920
531,0.167767
532,0.167615
533,0.167464
534,0.167312
535,0.167161
536,0.167011
537,0.166861
538,0.166711
539,0.166562
540,0.166413
541,0.166265
542,0.166117
543,0.165969
544,0.165822
545,0.165675
546,0.165529
547,0.165383
548,0.165237
549,0.165092
550,0.164947
551,0.164802
552,0.164658
553,0.164514
554,0.164371
555,0.164228
556,0.164085
557,0.163943
558,0.163801
559,0.163660
560,0.163519
561,0.163378
562,0.163238
563,0.163098
564,0.162958
565,0.162819
566,0.162680
567,0.162541
568,0.162403
569,0.162265
570,0.162127
571,0.161990
572,0.161854
573,0.161717
574,0.161581
575,0.161445
576,0.161310
577,0.161175
578,0.161040
579,0.160906
580,0.160772
581,0.160638
582,0.160504
583,0.160371
584,0.160239
585,0.160106
586,0.159974
587,0.159843
588,0.159711
589,0.159580
590,0.159449
591,0.159319
592,0.159189
593,0.159059
594,0.158930
595,0.158801
596,0.158672
597,0.158543
598,0.158415
599,0.158287
600,0.158160
601,0.158032
602,0.157905
603,0.157779
604,0.157653
605,0.157527
606,0.157401
607,0.157275
608,0.157150
609,0.157026
610,0.156901
611,0.156777
612,0.156653
613,0.156529
614,0.156406
615,0.156283
616,0.156160
617,0.156038
618,0.155916
619,0.155794
620,0.155672
621,0.155551
622,0.155430
623,0.155309
624,0.155189
625,0.155069
626,0.154949
627,0.154829
628,0.154710
629,0.154591
630,0.154472
631,0.154354
632,0.154236
633,0.154118
634,0.154000
635,0.153883
636,0.153765
637,0.153649
638,0.153532
639,0.153416
640,0.153300
641,0.153184
642,0.153068
643,0.152953
644,0.152838
645,0.152724
646,0.152609
647,0.152495
648,0.152381
649,0.152267
650,0.152154
651,0.152041
652,0.151928
653,0.151815
654,0.151703
655,0.151590
656,0.151479
657,0.151367
658,0.151256
659,0.151144
660,0.151033
661,0.150923
662,0.150812
663,0.150702
664,0.150592
665,0.150483
666,0.150373
667,0.150264
668,0.150155
669,0.150046
670,0.149938
671,0.149829
672,0.149721
673,0.149614
674,0.149506
675,0.149399
676,0.149292
677,0.149185
678,0.149078
679,0.148972
680,0.148866
681,0.148760
682,0.148654
683,0.148549
684,0.148443
685,0.148338
686,0.148234
687,0.148129
688,0.148025
689,0.147920
690,0.147817
691,0.147713
692,0.147609
693,0.147506
694,0.147403
695,0.147300
696,0.147198
697,0.147095
698,0.146993
699,0.146891
700,0.146789
701,0.146688
702,0.146587
703,0.146486
704,0.146385
705,0.146284
706,0.146184
707,0.146083
708,0.145983
709,0.145883
710,0.145784
711,0.145684
712,0.145585
713,0.145486
714,0.145387
715,0.145289
716,0.145190
717,0.145092
718,0.144994
719,0.144896
720,0.144799
721,0.144701
722,0.144604
723,0.144507
724,0.144410
725,0.144313
726,0.144217
727,0.144121
728,0.144025
729,0.143929
730,0.143833
731,0.143738
732,0.143643
733,0.143547
734,0.143453
735,0.143358
736,0.143263
737,0.143169
738,0.143075
739,0.142981
740,0.142887
741,0.142794
742,0.142700
743,0.142607
744,0.142514
745,0.142421
746,0.142329
747,0.142236
748,0.142144
749,0.142052
750,0.141960
751,0.141868
752,0.141776
753,0.141685
754,0.141594
755,0.141503
756,0.141412
757,0.141321
758,0.141231
759,0.141140
760,0.141050
761,0.140960
762,0.140870
763,0.140781
764,0.140691
765,0.140602
766,0.140513
767,0.140424
768,0.140335
769,0.140247
770,0.140158
771,0.140070
772,0.139982
773,0.139894
774,0.139806
775,0.139718
776,0.139631
777,0.139544
778,0.139457
779,0.139370
780,0.139283
781,0.139196
782,0.139110
783,0.139024
784,0.138937
785,0.138851
786,0.138766
787,0.138680
788,0.138595
789,0.138509
790,0.138424
791,0.138339
792,0.138254
793,0.138169
794,0.138085
795,0.138001
796,0.137916
797,0.137832
798,0.137748
799,0.137665
800,0.137581
801,0.137498
802,0.137414
803,0.137331
804,0.137248
805,0.137165
806,0.137083
807,0.137000
808,0.136918
809,0.136835
810,0.136753
811,0.136671
812,0.136590
813,0.136508
814,0.136426
815,0.136345
816,0.136264
817,0.136183
818,0.136102
819,0.136021
820,0.135940
821,0.135860
822,0.135780
823,0.135699
824,0.135619
825,0.135539
826,0.135460
827,0.135380
828,0.135301
829,0.135221
830,0.135142
831,0.135063
832,0.134984
833,0.134905
834,0.134827
835,0.134748
836,0.134670
837,0.134592
838,0.134513
839,0.134436
840,0.134358
841,0.134280
842,0.134202
843,0.134125
844,0.134048
845,0.133971
846,0.133894
847,0.133817
848,0.133740
849,0.133663
850,0.133587
851,0.133511
852,0.133434
853,0.133358
854,0.133282
855,0.133207
856,0.133131
857,0.133055
858,0.132980
859,0.132905
860,0.132829
861,0.132754
862,0.132680
863,0.132605
864,0.132530
865,0.132456
866,0.132381
867,0.132307
868,0.132233
869,0.132159
870,0.132085
871,0.132011
872,0.131937
873,0.131864
874,0.131790
875,0.131717
876,0.131644
877,0.131571
878,0.131498
879,0.131425
880,0.131353
881,0.131280
882,0.131208
883,0.131135
884,0.131063
885,0.130991
886,0.130919
887,0.130847
888,0.130776
889,0.130704
890,0.130633
891,0.130561
892,0.130490
893,0.130419
894,0.130348
895,0.130277
896,0.130206
897,0.130136
898,0.130065
899,0.129995
900,0.129924
901,0.129854
902,0.129784
903,0.129714
904,0.129644
905,0.129575
906,0.129505
907,0.129435
908,0.129366
909,0.129297
910,0.129228
911,0.129159
912,0.129090
913,0.129021
914,0.128952
915,0.128883
916,0.128815
917,0.128747
918,0.128678
919,0.128610
920,0.128542
921,0.128474
922,0.128406
923,0.128339
924,0.128271
925,0.128203
926,0.128136
927,0.128069
928,0.128001
929,0.127934
930,0.127867
931,0.127800
932,0.127734
933,0.127667
934,0.127600
935,0.127534
936,0.127468
937,0.127401
938,0.127335
939,0.127269
940,0.127203
941,0.127137
942,0.127072
943,0.127006
944,0.126941
945,0.126875
946,0.126810
947,0.126745
948,0.126679
949,0.126614
950,0.126550
951,0.126485
952,0.126420
953,0.126355
954,0.126291
955,0.126226
956,0.126162
957,0.126098
958,0.126034
959,0.125970
960,0.125906
961,0.125842
962,0.125778
963,0.125715
964,0.125651
965,0.125588
966,0.125524
967,0.125461
968,0.125398
969,0.125335
970,0.125272
971,0.125209
972,0.125146
973,0.125084
974,0.125021
975,0.124959
976,0.124896
977,0.124834
978,0.124772
979,0.124710
980,0.124648
981,0.124586
982,0.124524
983,0.124462
984,0.124400
985,0.124339
986,0.124277
987,0.124216
988,0.124155
989,0.124094
990,0.124033
991,0.123972
992,0.123911
993,0.123850
994,0.123789
995,0.123728
996,0.123668
997,0.123607
998,0.123547
999,0.123487
1000,0.123427