4,0.36179116160664854
8,0.2814165053692179
12,0.23799955121668193
16,0.2099930040440967
20,0.19003120872751705
24,0.17487990345528256
28,0.16287246569493502
32,0.15305236615223242
36,0.14482646205036176
40,0.13780487546229697
44,0.1317194055330325
48,0.12637868881712971
52,0.12164202873231426
56,0.11740335443561917
60,0.1135809800555586
64,0.11011083826546174
68,0.10694187593405266
72,0.10403284011091593
76,0.10134998393217427
80,0.0988653966119559
84,0.09655576629490063
88,0.09440144911645158
92,0.09238575874066647
96,0.09049441720027349
100,0.08871512546542243
104,0.08703722406134795
108,0.08545142223385194
112,0.08394957987619178
116,0.08252453048297122
120,0.08116993630877473
124,0.07988016902850165
128,0.07865021075646564
132,0.07747557144225307
136,0.07635221953389533
140,0.07527652346090889
144,0.07424520199640895
148,0.07325528194846564
152,0.07230406193490191
156,0.07138908123388019
160,0.07050809289045558
164,0.06965904040838042
168,0.06884003747554075
172,0.06804935026708467
176,0.06728538194759745
180,0.0665466590564472
184,0.06583181951165547
188,0.06513960200965911
192,0.06446883663293851
196,0.06381843650612186
200,0.06318739036496551
204,0.06257475592245372
208,0.06197965393287709
212,0.06140126286871132
216,0.060838814136892384
220,0.06029158777104863
224,0.05975890854470699
228,0.059240142457692546
232,0.05873469355409224
236,0.058242001035421806
240,0.05776153663716004
244,0.057292802240712454
248,0.05683532769623162
252,0.056388668834633913
256,0.05595240564968095
260,0.055526140633191855
264,0.05510949724836936
268,0.05470211852789669
272,0.05430366578492823
276,0.05391381742638264
280,0.05353226785907783
284,0.05315872648024211
288,0.05279291674481485
292,0.05243457530272624
296,0.05208345120003331
300,0.0517393051383998
304,0.05140190878794858
308,0.05107104414899905
312,0.05074650295863056
316,0.05042808613839776
320,0.05011560327986678
324,0.04980887216494809
328,0.04950771831827829
332,0.04921197458914976
336,0.04892148076070995
340,0.048636083184352696
344,0.04835563443740403
348,0.048079993002368156
352,0.04780902296614691
356,0.04754259373777871
360,0.04728057978336427
364,0.04702286037695557
368,0.046769319366284125
372,0.0465198449522946
376,0.04627432948153305
380,0.046032669250511984
384,0.045794764321245324
388,0.045560518347206286
392,0.045329838409019434
396,0.04510263485924978
400,0.04487882117569972
404,0.04465831382266768
408,0.04444103211966299
412,0.04422689811710783
416,0.04401583647859079
420,0.043807774369268054
424,0.04360264135003612
428,0.04340036927712636
432,0.04320089220679683
436,0.043004146304817234
440,0.04281006976046572
444,0.04261860270477311
448,0.04242968713276986
452,0.04224326682950493
456,0.04205928729962342
460,0.04187769570030141
464,0.04169844077735096
468,0.04152147280431948
472,0.04134674352441913
476,0.04117420609513189
480,0.04100381503534601
484,0.040835526174888066
488,0.040669296606323534
492,0.040505084638906105
496,0.04034284975456362
500,0.040182552565814864