4,0.16089460886802526
8,0.12534168286516192
12,0.10608011717431082
16,0.09363813386043503
20,0.08476255523382756
24,0.07802189848615033
28,0.07267757006535892
32,0.06830528816366112
36,0.06464177979200329
40,0.06151390203098796
44,0.058802496992043624
48,0.0564225140556511
52,0.05431140213680558
56,0.05242199162788421
60,0.05071794846577716
64,0.049170769495846214
68,0.04775773732066336
72,0.046460492341388666
76,0.04526401327917072
80,0.0441558748829095
84,0.04312569793404646
88,0.04216473531058311
92,0.041265556035346686
96,0.04042180102208808
100,0.03962799204856356
104,0.03887938076786819
108,0.03817182820215182
112,0.03750170770164855
116,0.036865826152368136
120,0.036261359509927725
124,0.03568579967888696
128,0.03513691045042728
132,0.03461269072731557
136,0.03411134365304118
140,0.0336312505563747
144,0.03317094884790587
148,0.032729113178994775
152,0.03230453930879791
156,0.03189613023096283
160,0.03150288419514444
164,0.03112388432483028
168,0.03075828958595262
172,0.030405326903337308
176,0.030064284256435012
180,0.029734504613713637
184,0.029415380587890734
188,0.02910634971288275
192,0.028806890258752882
196,0.028516517513684617
200,0.028234780472598562
204,0.02796125888086434
208,0.027695560588955455
212,0.02743731918011274
216,0.027186191838323274
220,0.026941857428359244
224,0.02670401476338627
228,0.026472381038858038
232,0.026246690414153354
236,0.02602669272575808
240,0.025812152317809495
244,0.025602846977556454
248,0.025398566964788333
252,0.025199114125581776
256,0.025004301081841665
260,0.024813950489091057
264,0.024627894355818906
268,0.024445973418440042
272,0.024268036566575134
276,0.024093940313930806
280,0.023923548310564164
284,0.023756730892758933
288,0.023593364667132445
292,0.023433332125938088
296,0.023276521290834448
300,0.023122825382664598
304,0.022972142515029454
308,0.022824375409655328
312,0.022679431131746575
316,0.02253722084368531
320,0.02239765957559383
324,0.02226066601141156
328,0.022126162289261533
332,0.021994073814991744
336,0.021864329087875823
340,0.021736859537546407
344,0.021611599371316067
348,0.021488485431111808
352,0.021367457059316367
356,0.021248455972867866
360,0.02113142614502354
364,0.021016313694242325
368,0.02090306677968488
372,0.020791635502870467
376,0.020681971815066185
380,0.020574029430017918
384,0.020467763741662565
388,0.02036313174648882
392,0.02026009197023936
396,0.020158604398670284
400,0.020058630412105035
404,0.019960132723539446
408,0.01986307532007237
412,0.01976742340745259
416,0.019673143357548196
420,0.019580202658557762
424,0.019488569867796034
428,0.019398214566898025
432,0.019309107319296626
436,0.019221219629838436
440,0.019134523906411967
444,0.01904899342347071
448,0.01896460228734146
452,0.018881325403215552
456,0.01879913844372729
460,0.01871801781903024
464,0.018637940648287533
468,0.01855888473249816
472,0.018480828528585562
476,0.018403751124680016
480,0.018327632216530224
484,0.018252452084983717
488,0.018178191574479193
492,0.018104832072497565
496,0.01803235548992158
500,0.017960744242256906