4,0.035851
8,0.027956
12,0.023670
16,0.020900
20,0.018922
24,0.017420
28,0.016229
32,0.015254
36,0.014437
40,0.013739
44,0.013134
48,0.012603
52,0.012132
56,0.011710
60,0.011330
64,0.010985
68,0.010669
72,0.010380
76,0.010113
80,0.009865
84,0.009635
88,0.009421
92,0.009220
96,0.009032
100,0.008855
104,0.008687
108,0.008529
112,0.008380
116,0.008238
120,0.008103
124,0.007974
128,0.007852
132,0.007735
136,0.007623
140,0.007515
144,0.007413
148,0.007314
152,0.007219
156,0.007128
160,0.007040
164,0.006956
168,0.006874
172,0.006795
176,0.006719
180,0.006645
184,0.006574
188,0.006505
192,0.006438
196,0.006373
200,0.006310
204,0.006249
208,0.006190
212,0.006132
216,0.006076
220,0.006021
224,0.005968
228,0.005917
232,0.005866
236,0.005817
240,0.005769
244,0.005722
248,0.005677
252,0.005632
256,0.005589
260,0.005546
264,0.005504
268,0.005464
272,0.005424
276,0.005385
280,0.005347
284,0.005310
288,0.005273
292,0.005238
296,0.005203
300,0.005168
304,0.005135
308,0.005102
312,0.005069
316,0.005037
320,0.005006
324,0.004976
328,0.004946
332,0.004916
336,0.004887
340,0.004859
344,0.004831
348,0.004803
352,0.004776
356,0.004749
360,0.004723
364,0.004698
368,0.004672
372,0.004647
376,0.004623
380,0.004599
384,0.004575
388,0.004552
392,0.004529
396,0.004506
400,0.004484
404,0.004462
408,0.004440
412,0.004419
416,0.004397
420,0.004377
424,0.004356
428,0.004336
432,0.004316
436,0.004296
440,0.004277
444,0.004258
448,0.004239
452,0.004221
456,0.004202
460,0.004184
464,0.004166
468,0.004148
472,0.004131
476,0.004114
480,0.004097
484,0.004080
488,0.004063
492,0.004047
496,0.004031
500,0.004015