4,0.113619
8,0.088545
12,0.074950
16,0.066166
20,0.059899
24,0.055139
28,0.051364
32,0.048275
36,0.045687
40,0.043478
44,0.041562
48,0.039881
52,0.038389
56,0.037054
60,0.035850
64,0.034757
68,0.033758
72,0.032842
76,0.031996
80,0.031213
84,0.030485
88,0.029806
92,0.029171
96,0.028574
100,0.028013
104,0.027484
108,0.026984
112,0.026511
116,0.026061
120,0.025634
124,0.025227
128,0.024839
132,0.024469
136,0.024115
140,0.023775
144,0.023450
148,0.023138
152,0.022838
156,0.022549
160,0.022271
164,0.022003
168,0.021745
172,0.021495
176,0.021254
180,0.021021
184,0.020796
188,0.020577
192,0.020365
196,0.020160
200,0.019961
204,0.019768
208,0.019580
212,0.019397
216,0.019220
220,0.019047
224,0.018879
228,0.018715
232,0.018556
236,0.018400
240,0.018249
244,0.018101
248,0.017956
252,0.017815
256,0.017678
260,0.017543
264,0.017412
268,0.017283
272,0.017157
276,0.017034
280,0.016914
284,0.016796
288,0.016680
292,0.016567
296,0.016456
300,0.016348
304,0.016241
308,0.016137
312,0.016034
316,0.015934
320,0.015835
324,0.015738
328,0.015643
332,0.015550
336,0.015458
340,0.015368
344,0.015279
348,0.015192
352,0.015107
356,0.015023
360,0.014940
364,0.014859
368,0.014779
372,0.014700
376,0.014622
380,0.014546
384,0.014471
388,0.014397
392,0.014324
396,0.014252
400,0.014182
404,0.014112
408,0.014043
412,0.013976
416,0.013909
420,0.013843
424,0.013779
428,0.013715
432,0.013652
436,0.013590
440,0.013528
444,0.013468
448,0.013408
452,0.013349
456,0.013291
460,0.013234
464,0.013177
468,0.013121
472,0.013066
476,0.013012
480,0.012958
484,0.012905
488,0.012852
492,0.012800
496,0.012749
500,0.012699