3,885.10
9,417.96608
16,295.61112
25,213.4872392
36,159.81056
49,123.58656
64,98.212905
81,79.82939654
100,66.11731661
121,55.63264428
144,47.44376
169,40.93000782
196,35.66592
225,31.35237325
256,27.77431781
289,24.77404931
324,22.23385284
361,20.06445916
400,18.19719821
441,16.57856
484,15.16635657
529,13.92696926
576,12.833345
625,11.86351774
676,10.9995038
729,10.22646684
784,9.53208
841,8.906033736
900,8.339652608
961,7.825594287
1024,7.35761127
1200,6.30153014
1400,5.42298758
1500,5.07032193
1600,4.76245072