3,0.000256102440
9,0.003265306122
16,0.01297585701
25,0.03574763239
36,0.07990396158
49,0.1558169935
64,0.2759076964
81,0.4546458583
100,0.7085500867
121,1.056187808
144,1.51817527
169,2.117177538
196,2.877908497
225,3.827130852
256,4.993656129
289,6.408344671
324,8.104105642
361,10.11589703
400,12.48072562
441,15.23764706
484,18.42776577
529,22.09423503
576,26.2822569
625,31.0390823
676,36.41401094
729,42.45839136
784,49.22562092
841,56.77114579
900,65.15246098
961,74.42911031
1024,84.66268641
1300,137.2239562
1600,209.0478858