9,7167.829363
16,12016.655109
25,16949.808259
36,21925.125111
49,26924.535507
64,31939.004368
81,36963.512206
100,41995.047327
121,47031.693200
144,52072.172137
169,57115.599585
196,62161.343720
225,67208.941204
256,72258.044535
289,77308.387974
324,82359.764838
361,87412.011954
400,92464.998783
441,97518.619654
484,102572.788104
529,107627.432712
576,112682.493957
625,117737.921843
676,122793.674066
729,127849.714587
784,132906.012517
841,137962.541229
900,143019.277644
961,148076.201661
1024,153133.295694