9,22666.666667
16,38000.000000
25,53600.000000
36,69333.333333
49,85142.857143
64,101000.000000
81,116888.888889
100,132800.000000
121,148727.272727
144,164666.666667
169,180615.384615
196,196571.428571
225,212533.333333
256,228500.000000
289,244470.588235
324,260444.444444
361,276421.052632
400,292400.000000
441,308380.952381
484,324363.636364
529,340347.826087
576,356333.333333
625,372320.000000
676,388307.692308
729,404296.296296
784,420285.714286
841,436275.862069
900,452266.666667
961,468258.064516
1024,484250.000000